228
1.6814846726371506
1.565035599856697
1.6943828507174754
1.6232945374260872
1.5791688682361877
1.666890133930941
1.6543669352568546
1.5670392112429832
1.6192935393070873
1.654973848737442
1.603528760021266
1.6662360229127011
1.5867696221600252
1.6343349377151972
1.5760426052804741
1.5928408594420884
1.5997976933569569
1.5990840189243982
1.6858425707883482
1.6407317479623145
1.6457078985565299
1.592876540823352
1.6263797093711703
1.633041372451778
1.5799529465917224
1.6216809865322444
1.6246741270932104
1.668051791754698
1.6577245483183418
1.6135540180042
1.5898020447771688
1.6503059924270376
1.6277065178243004
1.6968692030622121
1.5832366987361584
1.6719566169674116
1.6617252653801164
1.5610366222385064
1.6934404872144022
1.687533819627222
1.6409108074377203
1.615529492796187
1.585784691890397
1.652268161347658
1.6020935020640967
1.571754157603627
1.596988869222255
1.5709922950652295
1.6524423133787551
1.5741581836700844
1.586861545765296
1.6380157103293007
1.5920628222096949
1.6119014173931723
1.5894801505143383
1.633041491332135
1.6612176665579679
1.6591288243470517
1.6984196496473167
1.6943082066047817
1.5937017232013635
1.6627732248110214
1.6969412953718808
1.5610707425616663
1.561729397204778
1.5706041300810547
1.6952918081614152
1.6639280204285016
1.6734547852997483
1.6009807488320884
1.66853405126987
1.68643329822853
1.586443722464327
1.665503527243704
1.68979067329853
1.65348067033031
1.6241107113678828
1.6068732151179124
1.6726960178721832
1.6537076238228783
1.6748750828481658
1.5766959005841972
1.5973603649739396
1.6768929298200557
1.6927926816734244
1.5852598681516679
1.6569313907703103
1.6509659128403789
1.6471687589704551
1.6510618005344415
1.577761850041752
1.5856527926106951
1.6027027857238727
1.606071802814835
1.6422997595243705
1.640628858072989
1.6089971417571651
1.681823784381816
1.678149106089785
1.6624990412779639
1.65423449549717
1.5756363403775848
1.6738233731135819
1.6034208746342484
1.646618242457188
1.5877970942048567
1.6699339009433778
1.6913688898761388
1.6137010920537649
1.6555220649841285
1.6919068390599417
1.6149416124956737
1.6243777078631185
1.6478229647512068
1.590601021765896
1.5876118677435878
1.6634401456109307
1.5763409070545196
1.5637935400827319
1.6711882539582472
1.6204130089650737
1.598439811569315
1.6687901141504604
1.62203041477383
1.6133241167609695
1.6335424709433983
1.5880313712297545
1.6824564391774819
1.6647799825039327
1.579519620209369
1.6875001507266711
1.6769648463305695
1.587362467889384
1.6623017244795844
1.5937509237929772
1.5844257242212387
1.6100885677743417
1.6587609125307468
1.6924723068171859
1.6846179849222607
1.6004617518078812
1.694864377661276
1.5816194654544904
1.59084709558961
1.684939243572188
1.6594535998293576
1.699968136229668
1.615257780842999
1.6609873848809067
1.6800388097835153
1.6990846034619127
1.6783932240731358
1.6767839873853136
1.6387996646787395
1.6419412753299159
1.6061381927033507
1.6631629175573273
1.6957425822797656
1.610021144210123
1.6316523535240395
1.613938179178926
1.643603802355771
1.6305593295033864
1.575751476604118
1.5615578163952994
1.6204288441890067
1.5688105724396195
1.6814480418459024
1.632050426338029
1.5886727611009934
1.6369334534730036
1.6967367040515118
1.6165560924303728
1.6693749277231988
1.6424884212266477
1.6046915068775816
1.6642546682064188
1.657021253635815
1.5921006265697835
1.5933960679691388
1.610497345069203
1.5757603217842175
1.6428355310629832
1.5769027239844993
1.6985532943238195
1.5938887804692539
1.651201629236267
1.6855950420542287
1.6956631711054033
1.6777251356810303
1.649352056467772
1.6522719805659491
1.6376796784789622
1.6047584930920527
1.6642094236876759
1.6281503539907274
1.6864746485853006
1.6588899454336659
1.589395850889461
1.5949028881239027
1.6890849627696114
1.5809461429418683
1.6935778930876653
1.5786600663458772
1.6238528321488737
1.6010733677783682
1.6870418715692161
1.6326577497430792
1.5718454223763463
1.639494628900228
1.5690716452589772
1.685708596151038
1.6627207165961675
1.6182697499700875
1.6206321244097506
1.6475466760844792
1.6556350915899551
1.660499661748889
1.5678313444389544
1.6852380605154724
1.6386447710355543
1.6834700173883752
1.6629633561099895
1.5773160664255113
1.578794435598538
1.6406253339404444
1.6051745457726658
1.6761893556160303
