255
1.570717551178271
1.572845541214939
1.637515332588903
1.631595496318197
1.694833605813918
1.695701884621752
1.647254502871857
1.694366237777884
1.633653518402699
1.699358560001413
1.598132239992199
1.658485770372535
1.589825809356131
1.676415098024555
1.625123174966803
1.685050530659726
1.697888439676209
1.626103835161953
1.630954806272479
1.667618315137822
1.562356530958101
1.699695654574125
1.569132915808525
1.601681719731777
1.576944909415803
1.623089951532797
1.665193167972687
1.668059829235638
1.677587147870669
1.605997891227137
1.617587527750678
1.623915794365839
1.65940600560915
1.691980994087812
1.61461026237424
1.599474960115098
1.601889277539107
1.579927038426776
1.58197024720096
1.679706286923695
1.593609438833475
1.661171025325629
1.655225004631636
1.586685895833669
1.66221420233613
1.606443378490326
1.689118599475907
1.629065843127447
1.562776621360309
1.664559868389001
1.595142585475718
1.561070234956615
1.595538819470475
1.62605647237083
1.597003528412841
1.607033309962048
1.629110978164446
1.619416005836262
1.602161010793097
1.657216835698672
1.592548580043126
1.573846350505819
1.641789997634515
1.576969569051126
1.678616970189144
1.587006400389936
1.649224778761662
1.619681908633941
1.57887364216606
1.593455116640345
1.619204745298621
1.592662209303143
1.579004401459156
1.636906510596366
1.636861892925324
1.611360367741988
1.642082849100739
1.690020014458098
1.572461632772299
1.575032828764038
1.6621646245924
1.563148374957311
1.656990760724845
1.673646215405707
1.632149591751315
1.65217364839503
1.591734852318673
1.650602758432438
1.586045643284218
1.56984173088573
1.650088478883328
1.642934178939314
1.586041999996316
1.562053369456498
1.633919395820358
1.67550583134888
1.675392918281763
1.682145533890338
1.629922929525302
1.603190901542099
1.566520218932555
1.654605298887357
1.664152244902299
1.565979639491312
1.593517882510892
1.608771546429512
1.644827839168934
1.575393576008557
1.627706927697959
1.602602372400286
1.568035027296263
1.601832898072846
1.675324656321381
1.618234975284488
1.636444076993451
1.566350001316028
1.654936030075333
1.570563675953678
1.62393564523079
1.638659813304482
1.691276586123331
1.610104044352814
1.58880762092082
1.641933924456916
1.57130477436045
1.561925544454018
1.661986941681864
1.602133067905283
1.623813400582112
1.560985548309993
1.661346933270545
1.670905304265827
1.592813512851189
1.697526678182045
1.614468495720412
1.622836162434096
1.619964502199448
1.662059426625065
1.594841736514261
1.583089687744294
1.568817175241871
1.653952134599463
1.690606648212281
1.635481733319621
1.584455008236388
1.647347695218272
1.638221944101879
1.568541900201982
1.651381241731318
1.572409245005232
1.656907723173368
1.658026214222458
1.68444859538539
1.676564416737254
1.654050888058971
1.662693117721979
1.681954003098903
1.657364254303182
1.620233969026685
1.609582705948726
1.561139956886207
1.634607193059863
1.572150493203063
1.59719642579475
1.673182077417157
1.671468894759371
1.654045542197671
1.699219579413755
1.65872194420806
1.695890531386564
1.656824124789484
1.661911804068323
1.639121602033015
1.623884881259456
1.663660140111507
1.577818482900831
1.681603636250266
1.622510441032046
1.649191808918919
1.61770229651593
1.599955541790138
1.650177415033533
1.56485592194035
1.672771911739302
1.589306509228433
1.657070585064175
1.637859757144003
1.602366336756696
1.6553805493873
1.672687380736719
1.648171262857475
1.653867828633226
1.693118143668464
1.627346772069055
1.562197892534453
1.692491766499995
1.585282079447433
1.618209045653145
1.614432423091869
1.672366141086056
1.64248298194225
1.598559886451178
1.676062121801707
1.634832688134766
1.671538564952691
1.602966098552693
1.586939228288024
1.560832503607195
1.584927642801134
1.622079848845716
1.676512103505027
1.675489344149815
1.676637360723263
1.611485098493061
1.675407006956196
1.647051069616497
1.631257035578832
1.619158168387668
1.616154724382281
1.59784823677928
1.595218860194487
1.659836600368122
1.6362912980316
1.652749015749254
1.569769391738225
1.570694927279713
1.600256696989395
1.654064216170798
1.624970411551439
1.58844009255077
1.651867233827177
1.580453759817406
1.694667417710764
1.59406169406698
1.672901684904923
1.593424286409121
1.568377975953027
1.60309107372006
1.646408578244887
1.599925718918682
1.575177402328396
1.607240744598774
1.572292413033554
1.583841094992164
1.570908572753101
1.595197574694301
1.561796368901425
1.641200409853123
1.572223508140434
1.667968615098622
1.57110456399894
1.593043223197704
1.659173179786366
1.63972364452691
1.607482165850959